00000000000000000000000000000000
00000000000000000000000000000000
00000000000000001111111111111000
00000000000001111111111111111000
00000000000001111111111111111000
00000000000111111111111111111000
00000011111111111111111111111000
00011111111111111111111111111000
00011111111111111111111111111000
00011111111111111111111111111000
00000011111110001111111111111000
00000000000000001111111111111000
00000000000000001111111111111000
00000000000000001111111111111000
00000000000000001111111111111000
00000000000000001111111111111000
00000000000000001111111111111000
00000000000000001111111111111000
00000000000000001111111111111000
00000000000000001111111111111000
00000000000000001111111111111000
00000000000000001111111111111000
00000000000000001111111111111000
00000000000000001111111111111000
00000000000000001111111111111000
00000000000000001111111111111000
00000000000000001111111111111000
00000000000000001111111111111000
00000000000000001111111111111000
00000000000000001111111111111000
00000000000000000000000000000000
00000000000000000000000000000000
