00000000000000000000000000000000
00000000000000000000000000000000
00000000000000000011111100000000
00000000000000000011111100000000
00000000000000000011111100000000
00000000000000001111111100000000
00000000000000111111111100000000
00000000000001111111111100000000
00000000000001111111111100000000
00000000000001111111111100000000
00000000000111111111111100000000
00000000001111111111111100000000
00000000001111111111111100000000
00000000111111111111111100000000
00000011111111110011111100000000
00000011111111000011111100000000
00000011111111000011111100000000
00000011111110000011111100000000
00011111111110000011111100000000
00111111111111111111111111111000
00111111111111111111111111111000
00111111111111111111111111111100
00111111111111111111111111111100
00011111111111111111111111111000
00011111111111111111111111111000
00000000000000000011111100000000
00000000000000000011111100000000
00000000000000000011111100000000
00000000000000000011111100000000
00000000000000000011111100000000
00000000000000000000000000000000
00000000000000000000000000000000
