00000000000000000000000000000000
00000000000000000000000000000000
00000011111111111111111100000000
00000111111111111111111111000000
00000111111111111111111111000000
00011111111111111111111111100000
00011111111111000011111111111000
00111111111110000001111111111000
00111111111110000001111111111000
00111111111000000000011111111100
00111111110000000000001111111100
00111111110000000000001111111100
00111111110000000000001111111100
00111111111000000000011111111100
00111111111111000011111111111100
00011111111111111111111111111100
00011111111111111111111111111100
00011111111111111111111111111100
00000011111111111111111111111100
00000000000111111111111111111100
00000000000111111111111111111100
00000000000000000000011111111100
00000111110000000000011111111000
00011111111000000001111111111000
00011111111000000001111111111000
00011111111110000011111111111000
00011111111111111111111111000000
00000111111111111111111111000000
00000111111111111111111111000000
00000011111111111111111100000000
00000000000000000000000000000000
00000000000000000000000000000000
